Training Examples
Example 1: Input
[
[0, 0, 0, 0, 0, 0, 0, 0, 0], 
[4, 4, 4, 0, 0, 0, 0, 0, 0], 
[4, 0, 4, 0, 0, 0, 0, 0, 0], 
[0, 0, 4, 0, 0, 0, 0, 0, 0], 
[0, 0, 0, 0, 0, 4, 4, 0, 0], 
[0, 0, 0, 0, 0, 0, 4, 4, 0], 
[0, 0, 0, 0, 0, 4, 0, 4, 0], 
[0, 0, 0, 0, 0, 0, 0, 0, 0], 
[0, 0, 0, 0, 0, 0, 0, 0, 0]
]

Example 1: Output
[
[0, 0, 0, 0, 0, 0, 0, 0, 0], 
[4, 4, 4, 0, 0, 0, 0, 0, 0], 
[4, 7, 4, 0, 0, 0, 0, 0, 0], 
[7, 7, 4, 0, 0, 0, 0, 0, 0], 
[0, 0, 0, 0, 0, 4, 4, 7, 0], 
[0, 0, 0, 0, 0, 7, 4, 4, 0], 
[0, 0, 0, 0, 0, 4, 7, 4, 0], 
[0, 0, 0, 0, 0, 0, 0, 0, 0], 
[0, 0, 0, 0, 0, 0, 0, 0, 0]
]

Example 2: Input
[
[0, 0, 0, 0, 0, 0, 0, 0, 0], 
[4, 4, 4, 0, 0, 0, 0, 0, 0], 
[0, 4, 4, 0, 0, 0, 0, 0, 0], 
[4, 4, 4, 0, 0, 0, 0, 0, 0], 
[0, 0, 0, 0, 0, 4, 4, 4, 0], 
[0, 0, 0, 0, 0, 0, 4, 0, 0], 
[0, 0, 0, 0, 0, 0, 4, 0, 0], 
[0, 0, 0, 0, 0, 0, 0, 0, 0], 
[0, 0, 0, 0, 0, 0, 0, 0, 0]
]

Example 2: Output
[
[0, 0, 0, 0, 0, 0, 0, 0, 0], 
[4, 4, 4, 0, 0, 0, 0, 0, 0], 
[7, 4, 4, 0, 0, 0, 0, 0, 0], 
[4, 4, 4, 0, 0, 0, 0, 0, 0], 
[0, 0, 0, 0, 0, 4, 4, 4, 0], 
[0, 0, 0, 0, 0, 7, 4, 7, 0], 
[0, 0, 0, 0, 0, 7, 4, 7, 0], 
[0, 0, 0, 0, 0, 0, 0, 0, 0], 
[0, 0, 0, 0, 0, 0, 0, 0, 0]
]

Test 
[
[0, 0, 0, 0, 0, 0, 0, 0, 0], 
[0, 0, 0, 0, 4, 0, 0, 0, 0], 
[0, 0, 4, 4, 0, 0, 0, 0, 0], 
[0, 0, 4, 0, 0, 0, 0, 0, 0], 
[0, 0, 0, 0, 0, 0, 0, 0, 0], 
[0, 0, 0, 0, 0, 0, 0, 0, 0], 
[0, 0, 0, 0, 0, 4, 0, 0, 0], 
[0, 0, 0, 0, 0, 4, 4, 4, 0], 
[0, 0, 0, 0, 0, 0, 4, 0, 0]
]

Solution
[
[0, 0, 0, 0, 0, 0, 0, 0, 0], 
[0, 0, 7, 7, 4, 0, 0, 0, 0], 
[0, 0, 4, 4, 7, 0, 0, 0, 0], 
[0, 0, 4, 7, 7, 0, 0, 0, 0], 
[0, 0, 0, 0, 0, 0, 0, 0, 0], 
[0, 0, 0, 0, 0, 0, 0, 0, 0], 
[0, 0, 0, 0, 0, 4, 7, 7, 0], 
[0, 0, 0, 0, 0, 4, 4, 4, 0], 
[0, 0, 0, 0, 0, 7, 4, 7, 0]
]
